data/07-2019.txt

 Cairo, Egypt, June 2019 
 2019-06-25 
 2019-07-12

     July 2019        
Su Mo Tu We Th Fr Sa  
    1  2  3  4  5  6  
 7  8  9 10 11 12 13  
14 15 16 17 18 19 20  
21 22 23 24 25 26 27  
28 29 30 31           
                      

 Cairo, Egypt, June 2019 
 2019-06-25 
 2019-07-12

     July 2019        
Su Mo Tu We Th Fr Sa  
    1  2  3  4  5  6  
 7  8  9 10 11 12 13  
14 15 16 17 18 19 20  
21 22 23 24 25 26 27  
28 29 30 31           
                      


data/06-2019.txt

 Cairo, Egypt, June 2019 
 2019-06-25 
 2019-07-12

     June 2019        
Su Mo Tu We Th Fr Sa  
                   1  
 2  3  4  5  6  7  8  
 9 10 11 12 13 14 15  
16 17 18 19 20 21 22  
23 24 25 26 27 28 29  
30                    

 Cairo, Egypt, June 2019 
 2019-06-25 
 2019-07-12

     June 2019        
Su Mo Tu We Th Fr Sa  
                   1  
 2  3  4  5  6  7  8  
 9 10 11 12 13 14 15  
16 17 18 19 20 21 22  
23 24 25 26 27 28 29  
30                    


data/05-2019.txt

 Gaborone, Botswana, May 2019 
 2019-05-14 
 2019-05-23

      May 2019        
Su Mo Tu We Th Fr Sa  
          1  2  3  4  
 5  6  7  8  9 10 11  
12 13 14 15 16 17 18  
19 20 21 22 23 24 25  
26 27 28 29 30 31     
                      

 Lusaka, Zambia, May 2019 
 2019-05-28 
 2019-05-30

      May 2019        
Su Mo Tu We Th Fr Sa  
          1  2  3  4  
 5  6  7  8  9 10 11  
12 13 14 15 16 17 18  
19 20 21 22 23 24 25  
26 27 28 29 30 31     
                      

 Muscat, Oman, May 2019 
 2019-05-30 
 2019-05-30

      May 2019        
Su Mo Tu We Th Fr Sa  
          1  2  3  4  
 5  6  7  8  9 10 11  
12 13 14 15 16 17 18  
19 20 21 22 23 24 25  
26 27 28 29 30 31     
                      

 San Francisco, CA, May 2019 
 2019-05-06 
 2019-05-12

      May 2019        
Su Mo Tu We Th Fr Sa  
          1  2  3  4  
 5  6  7  8  9 10 11  
12 13 14 15 16 17 18  
19 20 21 22 23 24 25  
26 27 28 29 30 31     
                      

 Gaborone, Botswana, May 2019 
 2019-05-14 
 2019-05-23

      May 2019        
Su Mo Tu We Th Fr Sa  
          1  2  3  4  
 5  6  7  8  9 10 11  
12 13 14 15 16 17 18  
19 20 21 22 23 24 25  
26 27 28 29 30 31     
                      

 Lusaka, Zambia, May 2019 
 2019-05-28 
 2019-05-30

      May 2019        
Su Mo Tu We Th Fr Sa  
          1  2  3  4  
 5  6  7  8  9 10 11  
12 13 14 15 16 17 18  
19 20 21 22 23 24 25  
26 27 28 29 30 31     
                      

 Muscat, Oman, May 2019 
 2019-05-30 
 2019-05-30

      May 2019        
Su Mo Tu We Th Fr Sa  
          1  2  3  4  
 5  6  7  8  9 10 11  
12 13 14 15 16 17 18  
19 20 21 22 23 24 25  
26 27 28 29 30 31     
                      

 San Francisco, CA, May 2019 
 2019-05-06 
 2019-05-12

      May 2019        
Su Mo Tu We Th Fr Sa  
          1  2  3  4  
 5  6  7  8  9 10 11  
12 13 14 15 16 17 18  
19 20 21 22 23 24 25  
26 27 28 29 30 31     
                      


